 ********************************************************************************
 ERSN, UNIVERSITY ABDELMALEK ESSAADI FACULTY OF SCIENCES - TETOUAN, MOROCCO
 CODE  DEVELOPED  BY  MOHAMED  LAHDOUR,  PHD  STUDENT
 NTP-ERSN:        MOC  MOETHOD OF CHARACTERISTICS
 VERSION NUMBER:  1.2
 VERSION DATE:    2  MAI  2020
 RAN ON:          2020-08-10 00:04:00.79   (H:M:S)
 ********************************************************************************
            ----------------------------------------------------------
                      INPUT  PARAMETER - VALUES  FROM  INPUT
            ----------------------------------------------------------
 
 ENERGY GROUP NUMBER:                              2
 MATERIALS NUMBER:                                 1
 SIZE FOR EACH MATERIAL PER [CM]:      0.03591   0.03591   0.03591   0.03591   0.03591   0.03591   0.03591   0.03591   0.03591   0.03591   0.03591   0.03591   0.03591   0.03591   0.03591   0.03591   0.03591   0.03591   0.03591   0.03591   0.03591   0.03591   0.03591   0.03591   0.03591   0.03591   0.03591   0.03591   0.03591   0.03591   0.03591   0.03591   0.03591   0.03591   0.03591   0.03591   0.03591   0.03591   0.03591   0.03591   0.03591   0.03591   0.03591   0.03591   0.03591   0.03591   0.03591   0.03591   0.03591   0.03591   0.03591   0.03591   0.03591   0.03591   0.03591   0.03591   0.03591   0.03591   0.03591   0.03591   0.03591   0.03591   0.03591   0.03591   0.03591   0.03591   0.03591   0.03591   0.03591   0.03591   0.03591   0.03591   0.03591   0.03591   0.03591   0.03591   0.03591   0.03591   0.03591   0.03591   0.03591   0.03591   0.03591   0.03591   0.03591   0.03591   0.03591   0.03591   0.03591   0.03591   0.03591   0.03591   0.03591   0.03591   0.03591   0.03591   0.03591   0.03591   0.03591   0.03591
 DISCRETIZATIONS ANGULAR:                          6
 ORDER LEGENDRE POLONOMIAL:                        0
 TOTAL NUMBER OF FINE MESHES:                    100
   CONVERGENCE CRITERION of KEFF AND FLUX:     1.0E-05
 
            ----------------------------------------------------------
                       CALCULATION  RUN-TIME  PARAMETERS  MOC
            ----------------------------------------------------------
 
 GAUSS  LEGENDRE  QUADRATURE  POINTS  AND  WEIGHTS: 
 
       N. GAUSS          POINTS         WEIGHTS 
 
           1         -9.32469E-01     1.71324E-01
           2         -6.61209E-01     3.60762E-01
           3         -2.38619E-01     4.67914E-01
           4          2.38619E-01     4.67914E-01
           5          6.61209E-01     3.60762E-01
           6          9.32469E-01     1.71324E-01
 
 PSEUDO  CROSS  SECTIONS  DATA: 
 
         MATERIAL :   1
 
         GROUP           TOTAL        ABSORPTION      NU*FISSION      SCATTERING      FISSION SPECTRUM
 
           1          2.20800E-01     1.41600E-01     2.90160E-01     7.92000E-02     5.75000E-01
           2          3.36000E-01     9.98400E-02     2.50339E-01     2.36160E-01     4.25000E-01
 
            ----------------------------------------------------------
                              SCALAR  FLUX  SOLUTION
            ----------------------------------------------------------
 
 FLUXES  PER  MESH  PER  ENERGY  GROUP:
 
        M E S H       G R O U P 1     G R O U P 2
 
           1          1.44932E+00     2.14599E+00
           2          1.44932E+00     2.14599E+00
           3          1.44932E+00     2.14599E+00
           4          1.44932E+00     2.14599E+00
           5          1.44932E+00     2.14599E+00
           6          1.44932E+00     2.14599E+00
           7          1.44932E+00     2.14599E+00
           8          1.44932E+00     2.14599E+00
           9          1.44932E+00     2.14599E+00
          10          1.44932E+00     2.14599E+00
          11          1.44932E+00     2.14599E+00
          12          1.44932E+00     2.14599E+00
          13          1.44932E+00     2.14599E+00
          14          1.44932E+00     2.14599E+00
          15          1.44932E+00     2.14599E+00
          16          1.44932E+00     2.14599E+00
          17          1.44932E+00     2.14599E+00
          18          1.44932E+00     2.14599E+00
          19          1.44932E+00     2.14599E+00
          20          1.44932E+00     2.14599E+00
          21          1.44932E+00     2.14599E+00
          22          1.44932E+00     2.14599E+00
          23          1.44932E+00     2.14599E+00
          24          1.44932E+00     2.14599E+00
          25          1.44932E+00     2.14599E+00
          26          1.44932E+00     2.14599E+00
          27          1.44932E+00     2.14599E+00
          28          1.44932E+00     2.14599E+00
          29          1.44932E+00     2.14600E+00
          30          1.44932E+00     2.14599E+00
          31          1.44932E+00     2.14600E+00
          32          1.44932E+00     2.14599E+00
          33          1.44932E+00     2.14600E+00
          34          1.44932E+00     2.14599E+00
          35          1.44932E+00     2.14599E+00
          36          1.44932E+00     2.14599E+00
          37          1.44932E+00     2.14599E+00
          38          1.44932E+00     2.14599E+00
          39          1.44932E+00     2.14599E+00
          40          1.44932E+00     2.14599E+00
          41          1.44932E+00     2.14599E+00
          42          1.44932E+00     2.14599E+00
          43          1.44932E+00     2.14599E+00
          44          1.44932E+00     2.14599E+00
          45          1.44932E+00     2.14599E+00
          46          1.44932E+00     2.14600E+00
          47          1.44932E+00     2.14600E+00
          48          1.44932E+00     2.14599E+00
          49          1.44932E+00     2.14600E+00
          50          1.44932E+00     2.14599E+00
          51          1.44932E+00     2.14600E+00
          52          1.44932E+00     2.14600E+00
          53          1.44932E+00     2.14599E+00
          54          1.44932E+00     2.14599E+00
          55          1.44932E+00     2.14600E+00
          56          1.44932E+00     2.14599E+00
          57          1.44932E+00     2.14600E+00
          58          1.44932E+00     2.14599E+00
          59          1.44932E+00     2.14599E+00
          60          1.44932E+00     2.14599E+00
          61          1.44932E+00     2.14599E+00
          62          1.44932E+00     2.14599E+00
          63          1.44932E+00     2.14599E+00
          64          1.44932E+00     2.14599E+00
          65          1.44933E+00     2.14599E+00
          66          1.44932E+00     2.14599E+00
          67          1.44932E+00     2.14600E+00
          68          1.44932E+00     2.14599E+00
          69          1.44932E+00     2.14600E+00
          70          1.44932E+00     2.14599E+00
          71          1.44933E+00     2.14599E+00
          72          1.44932E+00     2.14599E+00
          73          1.44932E+00     2.14600E+00
          74          1.44932E+00     2.14599E+00
          75          1.44932E+00     2.14599E+00
          76          1.44932E+00     2.14600E+00
          77          1.44933E+00     2.14599E+00
          78          1.44932E+00     2.14599E+00
          79          1.44932E+00     2.14599E+00
          80          1.44932E+00     2.14599E+00
          81          1.44932E+00     2.14599E+00
          82          1.44932E+00     2.14599E+00
          83          1.44932E+00     2.14599E+00
          84          1.44932E+00     2.14599E+00
          85          1.44932E+00     2.14599E+00
          86          1.44932E+00     2.14599E+00
          87          1.44932E+00     2.14599E+00
          88          1.44932E+00     2.14599E+00
          89          1.44932E+00     2.14599E+00
          90          1.44932E+00     2.14599E+00
          91          1.44932E+00     2.14599E+00
          92          1.44932E+00     2.14599E+00
          93          1.44932E+00     2.14599E+00
          94          1.44932E+00     2.14599E+00
          95          1.44932E+00     2.14599E+00
          96          1.44932E+00     2.14599E+00
          97          1.44932E+00     2.14599E+00
          98          1.44932E+00     2.14599E+00
          99          1.44932E+00     2.14599E+00
         100          1.44932E+00     2.14599E+00
 
            ----------------------------------------------------------
              OUTPUT  PARAMETER - SOLUTION  TO  TRANSPORT  EQUATION
            ----------------------------------------------------------
 
 K-INF                    =      2.683465
 N. OUTER ITERATIONS      =             3
 TOTAL INNER ITERATIONS   =            23
 TOTAL EXECUTION TIME     =    0:00:00.01   (H:M:S)
 
 ********************************************************************************
