 ********************************************************************************
 ERSN, UNIVERSITY ABDELMALEK ESSAADI FACULTY OF SCIENCES - TETOUAN, MOROCCO
 CODE  DEVELOPED  BY  MOHAMED  LAHDOUR,  PHD  STUDENT
 NTP-ERSN:        SN  DISCRETE  ORDINATES  METHOD
 VERSION NUMBER:  1.2
 VERSION DATE:    2  MAI  2020
 RAN ON:          2020-08-09 23:54:55.54   (H:M:S)
 ********************************************************************************
            ----------------------------------------------------------
                      INPUT  PARAMETER - VALUES  FROM  INPUT
            ----------------------------------------------------------
 
 ENERGY GROUP NUMBER:                              2
 MATERIALS NUMBER:                                 1
 SIZE FOR EACH MATERIAL PER [CM]:      0.03591   0.03591   0.03591   0.03591   0.03591   0.03591   0.03591   0.03591   0.03591   0.03591   0.03591   0.03591   0.03591   0.03591   0.03591   0.03591   0.03591   0.03591   0.03591   0.03591   0.03591   0.03591   0.03591   0.03591   0.03591   0.03591   0.03591   0.03591   0.03591   0.03591   0.03591   0.03591   0.03591   0.03591   0.03591   0.03591   0.03591   0.03591   0.03591   0.03591   0.03591   0.03591   0.03591   0.03591   0.03591   0.03591   0.03591   0.03591   0.03591   0.03591   0.03591   0.03591   0.03591   0.03591   0.03591   0.03591   0.03591   0.03591   0.03591   0.03591   0.03591   0.03591   0.03591   0.03591   0.03591   0.03591   0.03591   0.03591   0.03591   0.03591   0.03591   0.03591   0.03591   0.03591   0.03591   0.03591   0.03591   0.03591   0.03591   0.03591   0.03591   0.03591   0.03591   0.03591   0.03591   0.03591   0.03591   0.03591   0.03591   0.03591   0.03591   0.03591   0.03591   0.03591   0.03591   0.03591   0.03591   0.03591   0.03591   0.03591
 DISCRETIZATIONS ANGULAR:                          6
 ORDER LEGENDRE POLONOMIAL:                        0
 TOTAL NUMBER OF FINE MESHES:                    100
   CONVERGENCE CRITERION of KEFF AND FLUX:     1.0E-05
 
            ----------------------------------------------------------
                       CALCULATION  RUN-TIME  PARAMETERS  MOC
            ----------------------------------------------------------
 
 GAUSS  LEGENDRE  QUADRATURE  POINTS  AND  WEIGHTS: 
 
       N. GAUSS          POINTS         WEIGHTS 
 
           1         -9.32469E-01     1.71324E-01
           2         -6.61209E-01     3.60762E-01
           3         -2.38619E-01     4.67914E-01
           4          2.38619E-01     4.67914E-01
           5          6.61209E-01     3.60762E-01
           6          9.32469E-01     1.71324E-01
 
 PSEUDO  CROSS  SECTIONS  DATA: 
 
         MATERIAL :   1
 
         GROUP           TOTAL        ABSORPTION      NU*FISSION      SCATTERING      FISSION SPECTRUM
 
           1          2.20800E-01     1.41600E-01     2.90160E-01     7.92000E-02     5.75000E-01
           2          3.36000E-01     9.98400E-02     2.50339E-01     2.36160E-01     4.25000E-01
 
            ----------------------------------------------------------
                              SCALAR  FLUX  SOLUTION
            ----------------------------------------------------------
 
 FLUXES  PER  MESH  PER  ENERGY  GROUP:
 
        M E S H       G R O U P 1     G R O U P 2
 
           1          1.15713E+00     1.08112E+00
           2          1.18336E+00     1.11619E+00
           3          1.20918E+00     1.15054E+00
           4          1.23457E+00     1.18416E+00
           5          1.25952E+00     1.21705E+00
           6          1.28403E+00     1.24922E+00
           7          1.30810E+00     1.28068E+00
           8          1.33171E+00     1.31141E+00
           9          1.35487E+00     1.34142E+00
          10          1.37755E+00     1.37072E+00
          11          1.39977E+00     1.39931E+00
          12          1.42150E+00     1.42719E+00
          13          1.44275E+00     1.45435E+00
          14          1.46351E+00     1.48080E+00
          15          1.48378E+00     1.50655E+00
          16          1.50354E+00     1.53158E+00
          17          1.52280E+00     1.55590E+00
          18          1.54154E+00     1.57952E+00
          19          1.55977E+00     1.60242E+00
          20          1.57748E+00     1.62462E+00
          21          1.59466E+00     1.64610E+00
          22          1.61132E+00     1.66688E+00
          23          1.62743E+00     1.68695E+00
          24          1.64301E+00     1.70630E+00
          25          1.65805E+00     1.72495E+00
          26          1.67254E+00     1.74289E+00
          27          1.68648E+00     1.76011E+00
          28          1.69986E+00     1.77662E+00
          29          1.71269E+00     1.79243E+00
          30          1.72496E+00     1.80751E+00
          31          1.73666E+00     1.82189E+00
          32          1.74780E+00     1.83555E+00
          33          1.75837E+00     1.84849E+00
          34          1.76836E+00     1.86072E+00
          35          1.77778E+00     1.87223E+00
          36          1.78663E+00     1.88303E+00
          37          1.79489E+00     1.89311E+00
          38          1.80257E+00     1.90247E+00
          39          1.80967E+00     1.91112E+00
          40          1.81619E+00     1.91905E+00
          41          1.82211E+00     1.92625E+00
          42          1.82745E+00     1.93274E+00
          43          1.83220E+00     1.93851E+00
          44          1.83636E+00     1.94356E+00
          45          1.83992E+00     1.94788E+00
          46          1.84290E+00     1.95149E+00
          47          1.84527E+00     1.95437E+00
          48          1.84706E+00     1.95654E+00
          49          1.84825E+00     1.95798E+00
          50          1.84884E+00     1.95870E+00
          51          1.84884E+00     1.95870E+00
          52          1.84825E+00     1.95798E+00
          53          1.84706E+00     1.95654E+00
          54          1.84527E+00     1.95437E+00
          55          1.84290E+00     1.95149E+00
          56          1.83992E+00     1.94788E+00
          57          1.83636E+00     1.94356E+00
          58          1.83220E+00     1.93851E+00
          59          1.82745E+00     1.93274E+00
          60          1.82211E+00     1.92625E+00
          61          1.81619E+00     1.91905E+00
          62          1.80967E+00     1.91112E+00
          63          1.80257E+00     1.90247E+00
          64          1.79489E+00     1.89311E+00
          65          1.78663E+00     1.88303E+00
          66          1.77778E+00     1.87223E+00
          67          1.76836E+00     1.86072E+00
          68          1.75837E+00     1.84849E+00
          69          1.74780E+00     1.83555E+00
          70          1.73666E+00     1.82189E+00
          71          1.72496E+00     1.80751E+00
          72          1.71269E+00     1.79243E+00
          73          1.69986E+00     1.77662E+00
          74          1.68648E+00     1.76011E+00
          75          1.67254E+00     1.74289E+00
          76          1.65805E+00     1.72495E+00
          77          1.64301E+00     1.70630E+00
          78          1.62743E+00     1.68695E+00
          79          1.61132E+00     1.66688E+00
          80          1.59466E+00     1.64610E+00
          81          1.57748E+00     1.62462E+00
          82          1.55977E+00     1.60242E+00
          83          1.54154E+00     1.57952E+00
          84          1.52280E+00     1.55590E+00
          85          1.50354E+00     1.53158E+00
          86          1.48378E+00     1.50655E+00
          87          1.46351E+00     1.48080E+00
          88          1.44275E+00     1.45435E+00
          89          1.42150E+00     1.42719E+00
          90          1.39977E+00     1.39931E+00
          91          1.37755E+00     1.37072E+00
          92          1.35487E+00     1.34142E+00
          93          1.33171E+00     1.31141E+00
          94          1.30810E+00     1.28067E+00
          95          1.28403E+00     1.24922E+00
          96          1.25952E+00     1.21705E+00
          97          1.23457E+00     1.18416E+00
          98          1.20918E+00     1.15054E+00
          99          1.18336E+00     1.11619E+00
         100          1.15713E+00     1.08112E+00
 
            ----------------------------------------------------------
              OUTPUT  PARAMETER - SOLUTION  TO  TRANSPORT  EQUATION
            ----------------------------------------------------------
 
 K-EFF                    =      0.972035
 N. OUTER ITERATIONS      =             6
 TOTAL INNER ITERATIONS   =            14
 TOTAL EXECUTION TIME     =    0:00:00.01   (H:M:S)
 
 ********************************************************************************
